1 1.19928907048008 2.39928907048008 -1.20047516316667 366564
1 1.2 2.4 -1.2 364098
1 1.20014932802389 2.40014932802389 -1.19990035705389 80316
1 1.20014932802389 2.40014932802389 -1.19990035705389 80316
0.5 1.20025985275011 2.40025985275011 -1.19982661465106 46156
0.5 1.20020711080428 2.40020711080428 -1.19986187845304 28964
0.5 1.20020711080428 2.40020711080428 -1.19986187845304 28964
0.5 1.20041594454073 2.40041594454073 -1.1997225433526 14420
0.5 1.2 2.4 -1.2 65136
0.5 1.20027643400138 2.40027643400138 -1.19981569651359 65112
0.5 1.2 2.4 -1.2 128298
