1 1.19896983075791 2.39896983075791 -1.20068880688807 366282
1 1.20004942339374 2.40004942339374 -1.19996702843797 364050
1.5 1.20007426968147 2.40007426968147 -1.1999504528063 363390
1.5 1.20007496251874 2.40007496251874 -1.19995001249688 120042
1.5 1.20007496251874 2.40007496251874 -1.19995001249688 120042
1.5 1.20007496251874 2.40007496251874 -1.19995001249688 80028
1 1.2 2.4 -1.2 80468
1 1.2 2.4 -1.2 80468
1 1.2 2.4 -1.2 80468
2 1.20007538635507 2.40007538635507 -1.19994973190349 79580
2 1.20007538635507 2.40007538635507 -1.19994973190349 79580
3 1.20199539524175 2.40199539524175 -1.19867098313171 78224
0.5 1.20007415647015 2.40007415647015 -1.19995055624227 80904
4 1.20196489389573 2.40196489389573 -1.19869167030092 76396
0 1.19985243482538 2.39985243482538 -1.20009840905363 81304
0.5 1.19987029831388 2.39987029831388 -1.20008664259928 46204
0.5 1.19989669421488 2.39989669421488 -1.20006897344522 29014
0.5 1.19994824463038 2.39994824463038 -1.20003455425017 57914
