1 1.19948506273243 2.39948506273243 -1.20034410246607 366516
1 1.20007414425176 2.40007414425176 -1.19995057524918 364176
1 1.20022421524664 2.40022421524664 -1.19985061000913 80308
1 1.20022421524664 2.40022421524664 -1.19985061000913 80308
1 1.19973861903725 2.39973861903725 -1.20017426662794 45908
1 1.19980561555076 2.39980561555076 -1.2001295709761 46304
1 1.19968901174845 2.39968901174844 -1.20020732550104 28940
0.5 1.19968928016572 2.39968928016572 -1.20020720617014 28960
1 1.19968901174845 2.39968901174844 -1.20020732550104 28940
2 1.19760041731873 2.39760041731873 -1.20160390516039 28710
1 1.20197470985623 2.40197470985623 -1.19868587896254 28896
0.5 1.20051822421834 2.40051822421835 -1.1996546563831 28952
4 1.20181883024251 2.40181883024251 -1.19879003558719 28076
