1 1.19936284920764 2.39936284920764 -1.20042568286627 366786
1 1.1986930253586 2.39869302535859 -1.20087254767458 364656
1 1.19620206032022 2.39620206032022 -1.20254258412962 80368
1 1.19620206032022 2.39620206032022 -1.20254258412962 80368
0.5 1.19618687736173 2.39618687736173 -1.20255319148936 29034
0.5 1.19442724458204 2.39442724458204 -1.20373961218837 14478
0.5 1.20044098191974 2.40044098191974 -1.19970618480976 204162
0.5 1.15434782608695 2.35434782608695 -1.232 5358
0.5 1.15905882352941 2.35905882352941 -1.22852459016394 6210
0.5 1.16654275092937 2.36654275092937 -1.22313624678663 7896
0.5 1.18947368421053 2.38947368421053 -1.20714285714286 846
0.5 1.2 2.4 -1.2 26766
0.5 1.2 2.4 -1.2 26766
