1 1.19896983075791 2.39896983075791 -1.20068880688807 366282
1 1.20004942339374 2.40004942339374 -1.19996702843797 364050
1.5 1.20007426968147 2.40007426968147 -1.1999504528063 363390
1.5 1.20007496251874 2.40007496251874 -1.19995001249688 120042
1.5 1.20007496251874 2.40007496251874 -1.19995001249688 120042
1.5 1.20007496251874 2.40007496251874 -1.19995001249688 80028
1 1.2 2.4 -1.2 80468
1 1.2 2.4 -1.2 80468
1 1.2 2.4 -1.2 80468
2 1.20007538635507 2.40007538635507 -1.19994973190349 79580
2 1.20007538635507 2.40007538635507 -1.19994973190349 79580
3 1.20199539524175 2.40199539524175 -1.19867098313171 78224
0.5 1.20007415647015 2.40007415647015 -1.19995055624227 80904
4 1.20196489389573 2.40196489389573 -1.19869167030092 76396
0 1.19996308828053 2.39996308828053 -1.20002460831761 81274
0 1.19987070358798 2.39987070358798 -1.20008628748112 46376
1 1.20022652499865 2.40022652499865 -1.19984883386122 46325
1 1.23617021276597 2.43617021276597 -1.17634586715255 39940
0 1.19987070358798 2.39987070358798 -1.20008628748112 46376
0 1.19993662194993 2.39993662194993 -1.20004260153366 47102
0 1.19981349082997 2.39981349082997 -1.20012626262626 47814
0 1.19975114060556 2.39975114060556 -1.20016844469399 47784
0 1.2 2.4 -1.2 47808
0 1.2 2.4 -1.2 47616
0 1.2 2.4 -1.2 47616
0 1.19975114060556 2.39975114060556 -1.20016844469399 47784
0 1.19975134687111 2.39975134687111 -1.20016835016835 47816
0 1.19975134687111 2.39975134687111 -1.20016835016835 47816
0 1.19975134687111 2.39975134687111 -1.20016835016835 47816
0 1.19975134687111 2.39975134687111 -1.20016835016835 47816
0 1.2 2.4 -1.2 92716
0 1.19993537964459 2.39993537964459 -1.20004313133491 92784
0 1.19993537964459 2.39993537964459 -1.20004313133491 46392
0 1.19989683631362 2.39989683631362 -1.20006885471655 29060
