1 1.19946056395586 2.39946056395586 -1.20036043908034 366552
1 1.20017301038062 2.40017301038062 -1.19988467874794 364176
1 1.2 2.4 -1.2 80356
1 1.2 2.4 -1.2 80356
0.5 1.20010353753236 2.40010353753236 -1.19993097894858 28976
0.5 1.2010395010395 2.4010395010395 -1.19930779880018 14440
0.5 1.20103770321688 2.40103770321688 -1.19930891499654 43392
0.5 1.20103770321688 2.40103770321688 -1.19930891499654 43392
0.5 1.20062262193013 2.40062262193013 -1.19958515787048 43380
0.5 1.19937737806987 2.39937737806987 -1.20041541657051 43344
0.5 1.20062262193013 2.40062262193013 -1.19958515787048 43380
0.5 1.20103770321688 2.40103770321688 -1.19930891499654 43392
0.5 1.20060954961057 2.40060954961057 -1.19959377115775 44304
0.5 1.19968938740293 2.39968938740293 -1.20020715847623 86904
